elconstrainCfd
      100  0  3  0  0  0
    20000  0  3  0  0  0
     9801  0  0  0  2  0
     9901  0  0  0  2  0
    10001  0  0  0  2  0
    10101  0  0  0  2  0
      200  0  3  0  0  0
      300  0  3  0  0  0
      400  0  3  0  0  0
      500  0  3  0  0  0
      600  0  3  0  0  0
      700  0  3  0  0  0
      800  0  3  0  0  0
      900  0  3  0  0  0
     1000  0  3  0  0  0
     1100  0  3  0  0  0
     1200  0  3  0  0  0
     1300  0  3  0  0  0
     1400  0  3  0  0  0
     1500  0  3  0  0  0
     1600  0  3  0  0  0
     1700  0  3  0  0  0
     1800  0  3  0  0  0
     1900  0  3  0  0  0
     2000  0  3  0  0  0
     2100  0  3  0  0  0
     2200  0  3  0  0  0
     2300  0  3  0  0  0
     2400  0  3  0  0  0
     2500  0  3  0  0  0
     2600  0  3  0  0  0
     2700  0  3  0  0  0
     2800  0  3  0  0  0
     2900  0  3  0  0  0
     3000  0  3  0  0  0
     3100  0  3  0  0  0
     3200  0  3  0  0  0
     3300  0  3  0  0  0
     3400  0  3  0  0  0
     3500  0  3  0  0  0
     3600  0  3  0  0  0
     3700  0  3  0  0  0
     3800  0  3  0  0  0
     3900  0  3  0  0  0
     4000  0  3  0  0  0
     4100  0  3  0  0  0
     4200  0  3  0  0  0
     4300  0  3  0  0  0
     4400  0  3  0  0  0
     4500  0  3  0  0  0
     4600  0  3  0  0  0
     4700  0  3  0  0  0
     4800  0  3  0  0  0
     4900  0  3  0  0  0
     5000  0  3  0  0  0
     5100  0  3  0  0  0
     5200  0  3  0  0  0
     5300  0  3  0  0  0
     5400  0  3  0  0  0
     5500  0  3  0  0  0
     5600  0  3  0  0  0
     5700  0  3  0  0  0
     5800  0  3  0  0  0
     5900  0  3  0  0  0
     6000  0  3  0  0  0
     6100  0  3  0  0  0
     6200  0  3  0  0  0
     6300  0  3  0  0  0
     6400  0  3  0  0  0
     6500  0  3  0  0  0
     6600  0  3  0  0  0
     6700  0  3  0  0  0
     6800  0  3  0  0  0
     6900  0  3  0  0  0
     7000  0  3  0  0  0
     7100  0  3  0  0  0
     7200  0  3  0  0  0
     7300  0  3  0  0  0
     7400  0  3  0  0  0
     7500  0  3  0  0  0
     7600  0  3  0  0  0
     7700  0  3  0  0  0
     7800  0  3  0  0  0
     7900  0  3  0  0  0
     8000  0  3  0  0  0
     8100  0  3  0  0  0
     8200  0  3  0  0  0
     8300  0  3  0  0  0
     8400  0  3  0  0  0
     8500  0  3  0  0  0
     8600  0  3  0  0  0
     8700  0  3  0  0  0
     8800  0  3  0  0  0
     8900  0  3  0  0  0
     9000  0  3  0  0  0
     9100  0  3  0  0  0
     9200  0  3  0  0  0
     9300  0  3  0  0  0
     9400  0  3  0  0  0
     9500  0  3  0  0  0
     9600  0  3  0  0  0
     9700  0  3  0  0  0
     9800  0  3  0  0  0
     9900  0  3  0  0  0
    10000  0  3  0  0  0
    10100  0  3  0  0  0
    10200  0  3  0  0  0
    10300  0  3  0  0  0
    10400  0  3  0  0  0
    10500  0  3  0  0  0
    10600  0  3  0  0  0
    10700  0  3  0  0  0
    10800  0  3  0  0  0
    10900  0  3  0  0  0
    11000  0  3  0  0  0
    11100  0  3  0  0  0
    11200  0  3  0  0  0
    11300  0  3  0  0  0
    11400  0  3  0  0  0
    11500  0  3  0  0  0
    11600  0  3  0  0  0
    11700  0  3  0  0  0
    11800  0  3  0  0  0
    11900  0  3  0  0  0
    12000  0  3  0  0  0
    12100  0  3  0  0  0
    12200  0  3  0  0  0
    12300  0  3  0  0  0
    12400  0  3  0  0  0
    12500  0  3  0  0  0
    12600  0  3  0  0  0
    12700  0  3  0  0  0
    12800  0  3  0  0  0
    12900  0  3  0  0  0
    13000  0  3  0  0  0
    13100  0  3  0  0  0
    13200  0  3  0  0  0
    13300  0  3  0  0  0
    13400  0  3  0  0  0
    13500  0  3  0  0  0
    13600  0  3  0  0  0
    13700  0  3  0  0  0
    13800  0  3  0  0  0
    13900  0  3  0  0  0
    14000  0  3  0  0  0
    14100  0  3  0  0  0
    14200  0  3  0  0  0
    14300  0  3  0  0  0
    14400  0  3  0  0  0
    14500  0  3  0  0  0
    14600  0  3  0  0  0
    14700  0  3  0  0  0
    14800  0  3  0  0  0
    14900  0  3  0  0  0
    15000  0  3  0  0  0
    15100  0  3  0  0  0
    15200  0  3  0  0  0
    15300  0  3  0  0  0
    15400  0  3  0  0  0
    15500  0  3  0  0  0
    15600  0  3  0  0  0
    15700  0  3  0  0  0
    15800  0  3  0  0  0
    15900  0  3  0  0  0
    16000  0  3  0  0  0
    16100  0  3  0  0  0
    16200  0  3  0  0  0
    16300  0  3  0  0  0
    16400  0  3  0  0  0
    16500  0  3  0  0  0
    16600  0  3  0  0  0
    16700  0  3  0  0  0
    16800  0  3  0  0  0
    16900  0  3  0  0  0
    17000  0  3  0  0  0
    17100  0  3  0  0  0
    17200  0  3  0  0  0
    17300  0  3  0  0  0
    17400  0  3  0  0  0
    17500  0  3  0  0  0
    17600  0  3  0  0  0
    17700  0  3  0  0  0
    17800  0  3  0  0  0
    17900  0  3  0  0  0
    18000  0  3  0  0  0
    18100  0  3  0  0  0
    18200  0  3  0  0  0
    18300  0  3  0  0  0
    18400  0  3  0  0  0
    18500  0  3  0  0  0
    18600  0  3  0  0  0
    18700  0  3  0  0  0
    18800  0  3  0  0  0
    18900  0  3  0  0  0
    19000  0  3  0  0  0
    19100  0  3  0  0  0
    19200  0  3  0  0  0
    19300  0  3  0  0  0
    19400  0  3  0  0  0
    19500  0  3  0  0  0
    19600  0  3  0  0  0
    19700  0  3  0  0  0
    19800  0  3  0  0  0
    19900  0  3  0  0  0
end elconstrainCfd
edgeCfd
     9801 0.00 0.00 0.00 0.00 0.00 0.00 0.00 0.00 0.00 10.00 0.00 0.00 0.00 0.00 0.00 
     9901 0.00 0.00 0.00 0.00 0.00 0.00 0.00 0.00 0.00 10.00 0.00 0.00 0.00 0.00 0.00 
    10001 0.00 0.00 0.00 0.00 0.00 0.00 0.00 0.00 0.00 10.00 0.00 0.00 0.00 0.00 0.00 
    10101 0.00 0.00 0.00 0.00 0.00 0.00 0.00 0.00 0.00 10.00 0.00 0.00 0.00 0.00 0.00 
end edgeCfd
return